Method: A thread per element
row=10 col=10
415.000000 430.000000 445.000000 460.000000 475.000000 490.000000 505.000000 520.000000 535.000000 550.000000 
940.000000 980.000000 1020.000000 1060.000000 1100.000000 1140.000000 1180.000000 1220.000000 1260.000000 1300.000000 
1465.000000 1530.000000 1595.000000 1660.000000 1725.000000 1790.000000 1855.000000 1920.000000 1985.000000 2050.000000 
1990.000000 2080.000000 2170.000000 2260.000000 2350.000000 2440.000000 2530.000000 2620.000000 2710.000000 2800.000000 
2515.000000 2630.000000 2745.000000 2860.000000 2975.000000 3090.000000 3205.000000 3320.000000 3435.000000 3550.000000 
3040.000000 3180.000000 3320.000000 3460.000000 3600.000000 3740.000000 3880.000000 4020.000000 4160.000000 4300.000000 
3565.000000 3730.000000 3895.000000 4060.000000 4225.000000 4390.000000 4555.000000 4720.000000 4885.000000 5050.000000 
4090.000000 4280.000000 4470.000000 4660.000000 4850.000000 5040.000000 5230.000000 5420.000000 5610.000000 5800.000000 
4615.000000 4830.000000 5045.000000 5260.000000 5475.000000 5690.000000 5905.000000 6120.000000 6335.000000 6550.000000 
5140.000000 5380.000000 5620.000000 5860.000000 6100.000000 6340.000000 6580.000000 6820.000000 7060.000000 7300.000000 
